Функція: 15 * sin(15 * pi * x), на проміжку х є [-3.141592653589793; 3.141592653589793]

Коефіцієнти ряду Фур'є: 
b_0   = -            a_0  = 0.0         
b_1   = 0.001632     a_1  = 0.0         
b_2   = -0.003269    a_2  = 0.0         
b_3   = 0.004915     a_3  = 0.0         
b_4   = -0.006574    a_4  = 0.0         
b_5   = 0.008252     a_5  = 0.0         
b_6   = -0.009952    a_6  = 0.0         
b_7   = 0.01168      a_7  = 0.0         
b_8   = -0.013441    a_8  = 0.0         
b_9   = 0.015242     a_9  = 0.0         
b_10  = -0.017087    a_10 = 0.0         
b_11  = 0.018984     a_11 = 0.0         
b_12  = -0.020939    a_12 = 0.0         
b_13  = 0.02296      a_13 = 0.0         
b_14  = -0.025056    a_14 = 0.0         
b_15  = 0.027236     a_15 = 0.0         
b_16  = -0.02951     a_16 = 0.0         
b_17  = 0.03189      a_17 = 0.0         
b_18  = -0.034389    a_18 = 0.0         
b_19  = 0.037022     a_19 = 0.0         
b_20  = -0.039805    a_20 = 0.0         
b_21  = 0.042758     a_21 = 0.0         
b_22  = -0.045903    a_22 = 0.0         
b_23  = 0.049266     a_23 = 0.0         
b_24  = -0.052877    a_24 = 0.0         
b_25  = 0.056772     a_25 = 0.0         
b_26  = -0.060992    a_26 = 0.0         
b_27  = 0.065589     a_27 = 0.0         
b_28  = -0.070622    a_28 = 0.0         
b_29  = 0.076166     a_29 = 0.0         
b_30  = -0.082313    a_30 = 0.0         
b_31  = 0.089175     a_31 = 0.0         
b_32  = -0.096898    a_32 = 0.0         
b_33  = 0.105666     a_33 = 0.0         
b_34  = -0.115719    a_34 = 0.0         
b_35  = 0.127377     a_35 = 0.0         
b_36  = -0.141077    a_36 = 0.0         
b_37  = 0.157424     a_37 = 0.0         
b_38  = -0.177292    a_38 = 0.0         
b_39  = 0.201982     a_39 = 0.0         
b_40  = -0.233529    a_40 = 0.0         
b_41  = 0.275295     a_41 = 0.0         
b_42  = -0.333266    a_42 = 0.0         
b_43  = 0.419235     a_43 = 0.0         
b_44  = -0.560094    a_44 = 0.0         
b_45  = 0.833382     a_45 = 0.0         
b_46  = -1.592608    a_46 = 0.0         
b_47  = 14.604896    a_47 = 0.0         
b_48  = 2.087031     a_48 = 0.0         
b_49  = -0.984561    a_49 = 0.0         
b_50  = 0.648596     a_50 = 0.0         
